S111bb112bbTE
,
(3.0, 4.1, 0.0)
(7.7, -8.3, 0.0)
(14.4, -6.4, 0.0)
(16.9, -5.7, 0.0)
(16.4, -4.8, 0.0)
(19.4, -4.8, 0.0)
(11.1, -9.4, 0.0)
(5.2, -3.4, 0.0)
(15.7, 6.2, 0.0)
(16.7, 7.7, 0.0)
(16.7, 3.7, 0.0)
(16.9, -4.4, 0.0)
(20.8, -2.6, 0.0)
|
(0.0, 0.0, 0.0, 1.0)
(0.0, 0.0, 0.0, 1.0)
(0.0, 0.0, 0.0, 1.0)
(0.0, 0.0, 0.0, 1.0)
(0.0, 0.0, -0.7, 0.7)
(0.0, 0.0, -0.7, 0.7)
(0.0, 0.0, 0.0, 1.0)
(0.0, 0.0, 0.0, 1.0)
(0.0, 0.0, 0.0, 1.0)
(0.0, 0.0, 1.0, 0.0)
(0.0, 0.0, 1.0, 0.0)
(0.0, 0.0, 0.0, 1.0)
(0.0, 0.0, 0.0, 1.0)
